2200203836
2500228415
0101502599
0301449014
0100114184
0304173170
0101502599
0304173170
0303224471
0303224471
0100114184
0102325399
0100104563
2200203836
2500228415
0101502599
0301449014
0100114184
0304173170
0101502599
0304173170
0303224471
0303224471
0100114184
0102325399
0100101876
0303527483
0101508664
1400112623
0102325399
1400112623
0100104563
0106182582
0101264009
0100104563
0101122893
0101122893
0101914063
0300584564
0301116791
5900409387
0101043264
0301116791
0101043264
5900415863
5900415863
5900409387
0303527596
1600169024
0103930374
4200567428
3600363970
0300608092
3600363970
0305472705
1600169024
0305472705
0102802161
0300742387
0300742387
1400460395
3800311306
0302035520
3600259810
4100258747
4100258747
3800311306
0302035520
0303146167
0303146167
0302181666
0303527596
0102278484
0101526991
0301874259
0302181666
0102278484
0303310875
0301874259
2600106523
0900264799
0900264799
2600106523
0314524981
0100100745
0101218588
5900288566
3500102365
3500102365
0302124121
0100100745
0301103908
0302705302
0101245486
0314524981
0302705302
1800278630
1800278630
0101245486
0101178800
0100112437
0200453688
0300645369
0101178800
0200453688
0101447725
0302495126
0307526635
0302495126
0101447725
0305323291
4200567428
0305323291
0307526635
3700255880
0313140100
0100112437
0303099446
0301472704
0101376672
3700255880
2200108445
0313140100
0600333307
0302271207
0103126572
0600333307
0301449014
0101376672
2200203836
2500228415
0101502599
0301449014
2200203836
2500228415
0101502599
0302066222
0302066222
0302066222
0302066222
0302066222
0302066222
0302066222
0302066222
0302066222
0302066222
0302066222
0302066222
0302066222
0302066222
0302066222
0302066222
0302066222
0302066222
2200203836
2500228415
0100105937
0100105937
0302066222
2200203836
2500228415
0302066222
2200203836
2500228415
0100105937
0100105937
0100104274
0100104274
0100101322
0102381001
0102381001
0100104274
0100104274
0100104274
0100104274
0100104274
0100104274
0100104274
0200371361
0200371361
0200371361
0200371361
0200371361
0100104274
0100104274
0100104274
0100104274
0100104274
0100104274
0100104274
0100104274
0100104274
0100104274
0100104274
0100104274
0100104274
0100104274
0100104274
0100104274
0100104274
0100104274
0100104274
0100104274
0100104274
0100104274
0100104274
0100104274
0100104274
0100104274
0100104274
0100104274
0100104274
0100104274
0100104274
0100104274
0100104274
0100104274
0100104274
0100104274
0100104274
0100104274
0100104274
0100104274
0100104274
0100104274
0100104274
0100104274
0100104274
0100104274
0100104274
0100104274
0100104274
0100104274
0100104274
0100104274
0100104274
0100104274
0100104274
0100104274
0100104274
0100104274
0100104274
0100104274
0100104274
0100104274
0100104274
0100101322
0102381001
0100104274
0100104274
0100104274
0100104274
0100104274
0100104274
0100104274
0100104274
0100104274
0100104274
0100101322
0102381001
0102381001
0302066222
2200203836
2500228415
0303481045
5400105091
2900326985
6000183273
0100105937
0100105937
0100103351
0100108159
4100406219
0400100506
5400213153
0101502599
0301449014
0100114184
0304173170
0101502599
0304173170
0303224471
0303224471
0100114184
0102325399
0301872364
1600513044
0302207804
0100101322
0102405830
0101452595
0101452595
0100106169
2900556890
0301447257
0301447257
2600104526
0102380872
0700519785
1000214853
0106182582
0100101876
0100101876
4900270327
2900329305
1100480979
0303527483
0303527483
0500233549
2900324811
2800231948
0303171325
0101508664
0101508664
0300523755
0100104274
0100104274
0100104274
0100104274
0100104274
0100104274
0100104274
0100104274
0100104274
0100104274
0100104274
0100104274
0100104274
0100104274
0100104274
0100104274
0100104274
0100104274
0500237656
0100104274
0102381001
0102381001
0100101322
0500450173
4000101608
0105950129
0100106426
0302066222
2200203836
2500228415
0303481045
0100108159
0100105937
0100105937
2900326985
6000183273
0100104274
0301822194
0301822194
0301822194
0302489669
0301822194
0301822194
0301822194
0302489669
0100104274
0301822194
0301822194
0301822194
0302489669
0100104274
0301822194
0301822194
0301822194
0301822194
0302489669
0100104274
3600259916
0500237656
0100104274
0500450173
0301822194
0301822194
0301822194
0302489669
0100104274
3600259916
0500237656
0100104274
0500450173
0303481045
0301822194
0301822194
0301822194
0302489669
0100104274
3600259916
0500237656
0100104274
0500450173
0301822194
0301822194
0301822194
0302489669
0100104274
3600259916
0500237656
0100104274
0301822194
0301822194
0301822194
0302489669
0100104274
3600259916
0500237656
0100104274
0500450173
0301822194
0301822194
0301822194
0301822194
0301822194
0301822194
0301822194
0301822194
0301822194
0301822194
0301822194
0500450173
0303224471
0301822194
0301822194
0301822194
0302489669
0100104274
3600259916
0500237656
0100104274
0301822194
0301822194
0301822194
0302489669
0100104274
3600259916
0500237656
0100104274
0500450173
0301822194
0301822194
0500450173
0301822194
0301822194
0500450173
0100106426
0301822194
0301822194
0500450173
0301822194
0301822194
0500450173
0301822194
0301822194
0500450173
0301822194
0301822194
0500450173
0100106426
2900326985
4100406219
0303224471
0100114184
1600513044
2900556890
0301822194
0301822194
0301822194
0302489669
0100104274
3600259916
0500237656
0100104274
0500450173
0100106426
0800281102
0301822194
0301822194
0301822194
0302489669
0100104274
3600259916
0500237656
0301822194
0301822194
0301822194
0302489669
0100104274
0301822194
0301822194
0301822194
0302489669
0100104274
3600259916
0500237656
0100104274
0500450173
0100106426
0800281102
0102381001
0102381001
0100101322
4000101608
0105950129
0302066222
2200203836
2500228415
0303481045
0100108159
0100105937
0100105937
2900326985
